00110000 // 0 irmovq
11110010
01000101
00000000
00000000
00000000
00000000
00000000
00000000
00000000
00110000 // 10 irmovq
11110011 
01111101
00000000
00000000
00000000
00000000
00000000
00000000
00000000
00110000 // 20 irmovq
11110010
00000001
00000000
00000000
00000000
00000000
00000000
00000000
00000000
01100001 // 30 Opq
00100011
00010000 // 32 nop
00100100 // 33 cmov uneq
00110100
01000000 // 35 rmmovq
01000010
00000010
00000000
00000000
00000000
00000000
00000000
00000000
00000000
01010000 // 45 mrmovq
01100010
00000010
00000000
00000000
00000000
00000000
00000000
00000000
00000000
01100001 // 55 Opq  
01100100
01110100 // 57 cJmp uneq
00000000
00000000
00000000
00000000
00000000
00000000
00000000
00000000
00010000 // 66
00010000 // 67
00000000 // 68
00000000 // 69
